111111111111111111111111111111111
100000000000000000000000000000001
100000000000000000000000000000001
100000000000000000000000000000001
100000000000000000000000000000001
100000000000000000000000000000001
100000000000000000000000000000001
100000000000000000000000000000001
100000000000000000000000000000001
100000000000000000000000000000001
100000001110000000000000000000001
100000010000011101000101110000001
100000010011010101101101110000001
100000010001011101010101000000001
100000001111000101000101110000001
100000000000000000000000000000001
100000000000000000000000000000001
100000000000000000000000000000001
100000000000000000000000000000001
100000000111010101110101000000001
100000000101010101110110000000001
100000000101001001000100000000001
100000000111001001110100010000001
100000000000000000000000000000001
100000000000000000000000000000001
100000000000000000000000000000001
100000000000000000000000000000001
100000000000000000000000000000001
100000000000000000000000000000001
100000000000000000000000000000001
100000000000000000000000000000001
100000000000000000000000000000001
111111111111111111111111111111111