111111111111111111111111111111111
100000000000000000000000000000001
100000000000000000000000000000001
100000000000000000000000000000001
100000000000000000000000000000001
100000011000000000000000000000001
100000100100000000000000000000001
100000100000000000000000000000001
100000011001110111010101110000001
100000000101010101011001110000001
100000100101010111010101000000001
100000011001010001010101110000001
100000000000000000000000000000001
100000000000000000000000000000001
100000000000000000000000000000001
100000000000000000000000000000001
100000000000000000000000000000001
100000000000000000000000000000001
100000000000000000000000000000001
100001111111111111111111111100001
100001000000000000000000000100001
100001000000000000000000000100001
100001111111111111111111111100001
100000000000000000000000000000001
100000000000000000000000000000001
100001000000000010000000001000001
100001000000100010000000001000001
100011101100110111011011011100001
100001001100010010011010001000001
100000000000000000000000000000001
100000000000000000000000000000001
100000000000000000000000000000001
111111111111111111111111111111111